2656683 1132481
2656699 1132494
2656694 1132530
2656721 1132499
2656741 1132495
2656771 1132484
2656791 1132463
2656815 1132429
2656836 1132403
2656859 1132392
2656882 1132416
2656876 1132481
2656852 1132533
2656836 1132551
2656835 1132590
2656858 1132619
2656854 1132656
2656854 1132675
2656870 1132695
2656883 1132738
2656910 1132751
2656917 1132730
2656928 1132712
2656926 1132693
2656940 1132677
2656939 1132657
2656982 1132573
2657016 1132500
2657020 1132461
2657033 1132419
2657054 1132411
2657061 1132423
2657085 1132419
2657092 1132441
2657129 1132421
2657184 1132415
2657213 1132395
2657213 1132408
2657242 1132398
2657256 1132409
2657285 1132402
2657334 1132403
2657455 1132385
2657585 1132407
2657663 1132441
2657715 1132430
2657748 1132435
2657806 1132431
2657831 1132436
2657863 1132443
2657880 1132449
2657876 1132465
2657910 1132471
2657930 1132464
2657965 1132453
2657992 1132456
2658036 1132447
2658066 1132448
2658089 1132444
2658108 1132445
2658146 1132449
2658185 1132443
2658233 1132455
2658262 1132461
2658289 1132457
2658321 1132441
2658353 1132454
2658369 1132450
2658401 1132454
2658429 1132449
2658450 1132456
2658474 1132456
2658548 1132471
2658642 1132482
2658677 1132472
2658726 1132473
2658762 1132456
2658799 1132449
2658817 1132452
2658806 1132468
2658824 1132472
2658842 1132468
2658861 1132462
2658885 1132430
2658890 1132390
2658881 1132372
2658856 1132342
2658838 1132333
2658806 1132314
2658798 1132294
2658810 1132281
2658832 1132265
2658840 1132247
2658859 1132235
2658845 1132218
2658837 1132206
2658820 1132203
2658821 1132190
2658836 1132182
2658834 1132164
2658866 1132152
2658884 1132137
2658895 1132124
2658909 1132112
2658908 1132094
2658923 1132065
2658946 1132032
2658933 1132022
2658963 1131994
2658968 1131968
2658959 1131957
2658959 1131942
2658985 1131918
2658977 1131899
2658972 1131883
2658997 1131864
2659001 1131841
2658987 1131831
2658976 1131822
2658972 1131809
2658974 1131791
